% År - Rostat kaffe (kg per person och år) - Te (kg per person och år)
1960 7.990000 0.130000
1961 8.110000 0.150000
1962 8.850000 0.160000
1963 9.390000 0.170000
1964 9.720000 0.170000
1965 9.850000 0.190000
1966 10.000000 0.190000
1967 10.560000 0.200000
1968 10.850000 0.240000
1969 10.730000 0.230000
1970 10.840000 0.240000
1971 10.690000 0.250000
1972 10.640000 0.270000
1973 10.660000 0.280000
1974 10.690000 0.290000
1975 10.770000 0.320000
1976 11.290000 0.330000
1977 8.120000 0.440000
1978 9.260000 0.330000
1979 9.620000 0.360000
1980 9.570000 0.350000
1981 9.620000 0.350000
1982 9.490000 0.350000
1983 8.930000 0.350000
1984 9.380000 0.370000
1985 8.960000 0.370000
1986 8.880000 0.370000
1987 8.980000 0.370000
1988 8.800000 0.300000
1989 8.840000 0.310000
1990 8.960000 0.340000
1991 8.850000 0.320000
1992 8.530000 0.300000
1993 8.530000 0.310000
1994 8.730000 0.330000
1995 7.500000 0.280000
1996 8.450000 0.320000
1997 7.700000 0.330000
1998 7.550000 0.320000
1999 7.500000 0.330000
2000 6.950000 0.360000
2001 7.000000 0.270000
2002 7.550000 0.310000
2003 7.490000 0.290000
2004 7.860000 0.320000
2005 7.730000 0.300000
2006 8.130000 0.240000
2007 7.980000 0.370000
2008 7.970000 0.400000
2009 7.960000 0.410000
2010 8.830000 0.370000
2011 7.340000 0.320000
2012 7.970000 0.290000
2013 8.110000 0.310000
2014 7.460000 0.310000
2015 7.510000 0.310000
2016 8.290000 0.330000
2017 7.570000 0.300000
2018 7.500000 0.280000
2019 7.790000 0.260000
